﻿Year,Space,Total
2018,1393,16308
2017,2829,14915
2016,3473,12086
2015,2726,8613
2014,1992,5887
2013,1892,3895
2012,1329,2003
2011,627,674
2010,41,47
2009,6,6